run	eval	millis	bestQuality	curQuality
0	1	255219.0498046875	194.517	194.517
0	2	423010.515625	204.95	204.95
0	3	577000.6748046875	204.95	199.333
0	4	713089.8208007812	217.65	217.65
0	5	836786.7082519531	217.65	211.758
0	6	973293.3950195312	217.65	214.233
0	7	1097001.1296386719	217.65	193.067
0	8	1247623.3291015625	217.65	217.475
0	9	1407835.1975097656	387.417	387.417
0	10	1569272.6765136719	387.417	307.15
0	11	1662466.7067871094	387.417	-1
0	12	1816757.142578125	387.417	301.875
0	13	1970704.712890625	387.417	66.9
