run	eval	millis	bestQuality	curQuality
0	1	163814.25268554688	59553.168701171875	59553.168701171875
0	2	196839.15209960938	15144.907958984375	15144.907958984375
0	3	213218.16552734375	12232.4462890625	12232.4462890625
0	4	284920.6647949219	12232.4462890625	55533.501220703125
0	5	346477.41943359375	12232.4462890625	57516.96142578125
0	6	420466.0046386719	12232.4462890625	57264.3798828125
0	7	481974.748046875	12232.4462890625	57385.090576171875
0	8	557412.8522949219	12232.4462890625	57234.340576171875
0	9	620935.0239257812	12232.4462890625	58043.8759765625
0	10	690996.2783203125	12232.4462890625	57564.516845703125
0	11	752384.4899902344	12232.4462890625	57349.62353515625
0	12	771868.9423828125	12232.4462890625	15081.1826171875
0	13	964823.1049804688	12232.4462890625	188815.84301757812
0	14	1028044.0197753906	12232.4462890625	59096.984619140625
0	15	1089188.7731933594	12232.4462890625	57102.98046875
0	16	1153187.6481933594	12232.4462890625	58002.7705078125
0	17	1216711.5109863281	12232.4462890625	57983.575927734375
0	18	1279664.7292480469	12232.4462890625	57761.75439453125
0	19	1341236.2270507812	12232.4462890625	57534.5458984375
0	20	1358765.765625	12232.4462890625	12816.154052734375
0	21	1375683.8708496094	12232.4462890625	12695.446044921875
0	22	1590528.2756347656	12232.4462890625	209621.65966796875
0	23	1804159.6547851562	12232.4462890625	209575.18969726562
