run	eval	millis	bestQuality	curQuality
0	1	164169.30249023438	59182.109375	59182.109375
0	2	196359.80883789062	15201.192138671875	15201.192138671875
0	3	212641.02783203125	12197.716796875	12197.716796875
0	4	284376.380859375	12197.716796875	55415.19384765625
0	5	345833.2224121094	12197.716796875	57363.159912109375
0	6	425763.14794921875	12197.716796875	57145.061279296875
0	7	490527.1184082031	12197.716796875	57128.013427734375
0	8	565703.8972167969	12197.716796875	57437.5947265625
0	9	627610.7231445312	12197.716796875	57784.4267578125
0	10	696213.6726074219	12197.716796875	57162.637451171875
0	11	757486.2353515625	12197.716796875	57216.605224609375
0	12	776214.4470214844	12197.716796875	15309.171630859375
0	13	966511.876953125	12197.716796875	185964.53271484375
0	14	1029532.2844238281	12197.716796875	58894.8623046875
0	15	1090670.7153320312	12197.716796875	57078.560546875
0	16	1154430.478515625	12197.716796875	57316.3837890625
0	17	1217633.4897460938	12197.716796875	57413.22998046875
0	18	1280899.1533203125	12197.716796875	57800.783203125
0	19	1342981.8735351562	12197.716796875	57951.499267578125
0	20	1360287.2839355469	12197.716796875	12631.385009765625
0	21	1377050.7014160156	12197.716796875	12716.771240234375
0	22	1591905.5109863281	12197.716796875	210710.92797851562
0	23	1804596.1535644531	12197.716796875	209623.88842773438
