run	eval	millis	bestQuality	curQuality
0	1	168708.5390625	61878.9873046875	61878.9873046875
0	2	203316.32397460938	15214.489990234375	15214.489990234375
0	3	393788.23681640625	15214.489990234375	186321.52294921875
0	4	468998.66162109375	15214.489990234375	59168.73779296875
0	5	530378.5434570312	15214.489990234375	57322.51123046875
0	6	604154.4777832031	15214.489990234375	57195.63525390625
0	7	665726.0065917969	15214.489990234375	57515.791748046875
0	8	742807.6701660156	15214.489990234375	58098.719482421875
0	9	811715.1003417969	15214.489990234375	63038.168701171875
0	10	882477.5522460938	15214.489990234375	58275.700439453125
0	11	943892.7292480469	15214.489990234375	57377.761474609375
0	12	962369.6960449219	15016.53662109375	15016.53662109375
0	13	1153422.5532226562	15016.53662109375	186797.08862304688
0	14	1216874.5163574219	15016.53662109375	59310.821533203125
0	15	1278367.6721191406	15016.53662109375	57451.009033203125
0	16	1345166.2709960938	15016.53662109375	62658.673828125
0	17	1410803.6416015625	15016.53662109375	61581.229736328125
0	18	1475812.1376953125	15016.53662109375	58278.997314453125
0	19	1539717.6003417969	15016.53662109375	58036.465576171875
0	20	1558606.4636230469	12860.697998046875	12860.697998046875
0	21	1575665.7238769531	12770.632080078125	12770.632080078125
0	22	1790970.2722167969	12770.632080078125	209769.50341796875
0	23	2004869.8828125	12770.632080078125	209845.99975585938
