run	eval	millis	bestQuality	curQuality
0	1	170071.2998046875	57765.730712890625	57765.730712890625
0	2	244775.98120117188	57474.849365234375	57474.849365234375
0	3	306357.0270996094	57474.849365234375	57539.144287109375
0	4	337010.74609375	12227.052001953125	12227.052001953125
0	5	353953.9365234375	12227.052001953125	12734.92724609375
0	6	429240.4182128906	12227.052001953125	57520.980712890625
0	7	490962.9392089844	12227.052001953125	57686.029296875
0	8	565391.6391601562	12227.052001953125	57892.167236328125
0	9	629777.9145507812	12227.052001953125	60258.18017578125
0	10	697347.0454101562	12227.052001953125	58396.02734375
0	11	758633.9702148438	12227.052001953125	57246.534912109375
0	12	776244.498046875	12227.052001953125	13322.559814453125
0	13	793686.9375	12227.052001953125	13204.782470703125
0	14	853508.2639160156	12227.052001953125	55471.534912109375
0	15	914874.884765625	12227.052001953125	57328.192138671875
0	16	977359.4096679688	12227.052001953125	58116.383544921875
0	17	1043443.890625	12227.052001953125	61912.867431640625
0	18	1105453.306640625	12227.052001953125	57887.28515625
0	19	1166775.3337402344	12227.052001953125	57282.492919921875
0	20	1228249.1450195312	12227.052001953125	57305.893310546875
0	21	1289458.8381347656	12227.052001953125	57165.124755859375
0	22	1307987.5888671875	12227.052001953125	13224.40625
0	23	1325431.4982910156	12227.052001953125	13281.15185546875
0	24	1386659.7961425781	12227.052001953125	56994.651611328125
0	25	1448360.1022949219	12227.052001953125	57662.168701171875
0	26	1510089.3176269531	12227.052001953125	57337.523681640625
0	27	1571352.7939453125	12227.052001953125	57121.004638671875
0	28	1632878.0305175781	12227.052001953125	57366.18896484375
0	29	1694205.564453125	12227.052001953125	57281.741943359375
